Time (s)	Pulse Interval (ms)
13965.325	725
13966.05	720
13966.77	720
13967.49	725
13968.215	740
13968.955	730
13969.685	740
13970.425	730
13971.155	710
13971.865	730
13972.595	715
13973.31	740
13974.051	725
13974.776	725
13975.501	730
13976.229	720
13976.951	730
13977.681	725
13978.408	730
13979.138	735
13979.869	720
13980.591	705
13981.295	730
13982.025	715
13982.74	755
13983.494	720
13984.216	735
13984.951	720
13985.669	725
13986.396	720
13987.118	740
13987.856	720
13988.578	735
13989.309	735
13990.044	700
13990.745	740
13991.485	740
13992.225	745
13992.97	735
13993.705	735
13994.44	760
13995.199	740
13995.937	740
13996.681	735
13997.416	735
13998.151	745
13998.896	740
13999.638	740
14000.376	740
14001.116	745
14001.859	715
14002.575	745
14003.32	735
14004.055	1060
14005.118	445
14005.563	715
14006.275	735
14007.01	745
14007.755	730
14008.485	745
14009.229	750
14009.979	715
14010.698	745
14011.441	715
14012.155	720
14012.875	760
14013.636	690
14014.328	775
14015.101	715
14015.816	715
14016.53	745
14017.275	735
14018.01	720
14018.73	755
14019.484	710
14020.196	745
14020.941	710
14021.653	745
14022.396	720
14023.116	745
14023.859	715
14024.574	745
14025.319	710
14026.029	720
14026.75	730
14027.48	720
14028.2	745
14028.946	730
14029.676	740
14030.414	710
14031.126	745
14031.873	720
14032.589	735
14033.324	725
14034.049	735
14034.786	715
14035.501	710
14036.21	735
14036.945	720
14037.665	755
14038.419	735
14039.154	720
14039.878	740
14040.615	715
14041.331	745
14042.076	730
14042.806	735
14043.539	745
14044.282	710
14044.998	730
14045.725	740
14046.465	745
14047.21	720
14047.93	755
14048.688	745
14049.427	720
14050.151	750
14050.903	710
14051.611	755
14052.364	740
14053.108	740
14053.846	730
14054.576	750
14055.328	720
14056.045	750
14056.795	735
14057.53	770
14058.299	725
14059.028	750
14059.774	750
14060.526	745
14061.269	725
14061.998	760
14062.752	745
14063.499	740
14064.239	735
14064.974	725
14065.7	740
14066.44	740
14067.18	760
14067.943	735
14068.678	740
14069.414	740
14070.154	740
14070.894	735
14071.633	745
14072.378	735
14073.111	745
14073.854	745
14074.599	710
14075.31	730
14076.04	765
14076.808	730
14077.534	740
14078.276	735
14079.009	735
14079.744	735
14080.479	730
14081.209	735
14081.946	735
14082.679	735
14083.414	740
14084.154	730
14084.884	730
14085.612	735
14086.351	735
14087.088	730
14087.818	760
14088.576	740
14089.314	725
14090.041	735
14090.776	725
14091.5	740
14092.24	735
14092.975	755
14093.731	760
14094.491	740
14095.227	750
14095.981	740
14096.721	755
14097.472	725
14098.199	755
14098.956	750
14099.706	725
14100.431	755
14101.182	745
14101.931	735
14102.668	735
14103.403	755
14104.156	725
14104.883	740
14105.619	750
14106.371	750
14107.121	740
14107.863	730
14108.591	735
14109.324	745
14110.073	750
14110.819	735
14111.556	725
14112.281	750
14113.033	755
14113.784	740
14114.526	730
14115.258	725
14115.98	745
14116.725	750
14117.475	730
14118.205	780
14118.986	680
14119.668	790
14120.458	760
14121.214	715
14121.931	755
14122.686	735
14123.423	740
14124.159	745
14124.904	710
14125.616	725
14126.34	740
14127.08	730
14127.81	770
14128.579	720
14129.301	745
14130.044	740
14130.788	730
14131.512	750
14132.264	725
14132.989	735
14133.726	750
14134.474	710
14135.188	745
14135.933	745
14136.676	715
14137.389	750
14138.141	715
14138.858	755
14139.611	720
14140.331	750
14141.079	730
14141.811	745
14142.554	705
14143.26	740
14144.0	730
14144.73	765
14145.494	730
14146.224	745
14146.969	715
14147.686	755
14148.441	715
14149.156	750
14149.906	745
14150.649	715
14151.368	755
14152.121	730
14152.849	735
14153.586	750
14154.334	735
14155.071	740
14155.809	735
14156.548	745
14157.289	745
14158.036	730
14158.766	755
14159.521	725
14160.244	755
14160.999	730
14161.731	725
14162.456	760
14163.214	725
14163.939	740
14164.681	735
14165.416	730
14166.146	750
14166.894	705
14167.6	740
14168.34	730
14169.07	760
14169.829	730
14170.563	730
14171.289	745
14172.034	725
14172.759	715
14173.476	750
14174.228	725
14174.951	725
14175.676	750
14176.424	725
14177.149	720
14177.871	745
14178.618	740
14179.354	725
14180.081	730
14180.809	730
14181.541	740
14182.281	745
14183.024	730
14183.756	740
14184.494	730
14185.226	735
14185.957	740
14186.701	745
14187.444	730
14188.178	730
14188.908	740
14189.646	750
14190.396	730
14191.126	745
14191.871	745
14192.614	725
14193.339	755
14194.096	735
14194.831	750
14195.583	730
14196.311	755
14197.064	730
14197.794	755
14198.551	715
14199.265	750
14200.015	735
14200.75	775
14201.524	735
14202.261	740
14202.999	745
14203.744	725
14204.473	760
14205.227	730
14205.959	740
14206.701	745
14207.444	715
14208.161	760
14208.919	735
14209.654	725
14210.379	730
14211.109	740
14211.851	735
14212.586	725
14213.311	720
14214.029	730
14214.761	725
14215.488	725
14216.211	715
14216.928	725
14217.651	725
14218.376	715
14219.091	725
14219.812	715
14220.533	725
14221.254	720
14221.976	725
14222.699	720
14223.421	725
14224.146	725
14224.869	720
14225.591	725
14226.316	725
14227.041	720
14227.761	715
14228.474	730
14229.204	720
14229.926	710
14230.636	725
14231.359	730
14232.087	725
14232.816	725
14233.539	700
14234.241	730
14234.971	725
14235.698	720
14236.416	700
14237.118	700
14237.815	720
14238.535	740
14239.278	725
14239.999	695
14240.696	740
14241.432	715
14242.151	700
14242.851	725
14243.574	715
14244.293	700
14244.991	730
14245.723	695
14246.418	740
14247.154	700
14247.856	735
14248.591	710
14249.299	730
14250.031	710
14250.741	735
14251.474	720
14252.196	725
14252.921	735
14253.656	720
14254.376	745
14255.119	715
14255.838	745
14256.581	730
14257.309	740
14258.053	730
14258.781	750
14259.529	735
14260.264	740
14261.004	735
14261.741	730
14262.473	745
14263.216	730
14263.942	745
14264.687	720
14265.409	750
14266.159	730
14266.889	725
14267.616	725
14268.341	740
14269.079	725
14269.804	715
14270.519	735
14271.258	730
14271.984	710
14272.696	720
14273.418	745
14274.157	720
14274.879	715
14275.598	715
14276.311	745
14277.054	725
14277.777	710
14278.491	720
14279.213	735
14279.944	725
14280.669	720
14281.393	715
14282.106	700
14282.805	725
14283.53	725
14284.255	720
14284.975	735
14285.711	740
14286.453	730
14287.179	715
14287.896	740
14288.636	725
14289.359	725
14290.084	735
14290.821	715
14291.536	735
14292.273	720
14292.991	730
14293.721	725
14294.446	720
14295.164	730
14295.896	715
14296.609	735
14297.344	720
14298.064	715
14298.779	720
14299.501	700
14300.2	735
14300.935	730
14301.665	720
14302.385	755
14303.141	725
14303.866	730
14304.594	720
14305.314	735
14306.051	740
14306.789	725
14307.516	735
14308.249	730
14308.977	730
14309.709	705
14310.415	725
14311.14	760
14311.901	735
14312.634	735
14313.371	735
14314.108	740
14314.844	735
14315.581	735
14316.316	740
14317.054	740
14317.792	740
14318.536	715
14319.25	735
14319.985	770
14320.756	735
14321.493	740
14322.231	740
14322.971	740
14323.709	740
14324.453	745
14325.196	740
14325.938	740
14326.676	735
14327.411	745
14328.152	735
14328.891	735
14329.628	735
14330.363	735
14331.092	730
14331.826	730
14332.558	740
14333.294	735
14334.033	735
14334.766	715
14335.48	725
14336.205	765
14336.973	735
14337.706	730
14338.436	735
14339.169	725
14339.894	730
14340.622	720
14341.348	725
14342.069	730
14342.799	725
14343.524	725
14344.251	730
14344.981	730
14345.713	735
14346.448	735
14347.181	730
14347.911	730
14348.637	730
14349.373	750
14350.121	735
14350.856	735
14351.589	740
14352.331	745
14353.076	740
14353.816	730
14354.546	745
14355.291	735
14356.028	735
14356.759	745
14357.506	735
14358.239	715
14358.955	745
14359.7	735
14360.435	765
14361.203	730
14361.931	750
14362.679	740
14363.423	745
14364.162	735
14364.901	740
14365.639	745
14366.388	745
14367.131	740
14367.869	735
14368.604	730
14369.338	745
14370.081	740
14370.821	730
14371.551	745
14372.296	735
14373.031	735
14373.766	740
14374.504	740
14375.246	745
14375.989	735
14376.724	745
14377.473	745
14378.214	735
14378.953	750
14379.703	735
14380.436	755
14381.189	745
14381.934	740
14382.678	745
14383.419	750
14384.169	750
14384.919	745
14385.664	740
14386.404	750
14387.156	740
14387.898	745
14388.637	735
14389.376	745
14390.119	715
14390.835	740
14391.575	735
14392.31	735
14393.045	1490
14394.538	735
14395.273	730
14396.001	725
14396.728	740
14397.466	730
14398.194	725
14398.921	525
14399.444	920
14400.365	710
14401.075	725
14401.8	760
14402.561	725
14403.284	725
14404.011	2185
14406.198	715
14406.913	725
14407.638	730
14408.366	730
14409.096	695
14409.79	725
14410.515	735
14411.25	730
14411.98	720
14412.7	760
14413.463	725
14414.186	740
14414.924	725
14415.649	735
14416.386	730
14417.116	730
14417.846	735
14418.579	740
14419.321	730
14420.051	715
14420.765	725
14421.49	760
14422.251	735
14422.986	730
14423.716	725
14424.441	735
14425.174	730
14425.906	725
14426.629	725
14427.356	730
14428.084	720
14428.806	700
14429.505	720
14430.225	745
14430.971	730
14431.699	715
14432.416	730
14433.144	720
14433.864	715
14434.581	730
14435.309	725
14436.034	725
14436.757	720
14437.479	705
14438.185	735
14438.92	725
14439.645	760
14440.406	725
14441.129	735
14441.864	730
14442.596	735
14443.331	725
14444.056	735
14444.791	740
14445.529	725
14446.254	730
14446.988	735
14447.721	740
14448.459	740
14449.199	725
14449.926	735
14450.663	740
14451.403	740
14452.139	735
14452.874	735
14453.611	740
14454.353	710
14455.06	735
14455.795	765
14456.561	735
14457.296	735
14458.031	735
14458.764	735
14459.501	740
14460.241	730
14460.971	730
14461.701	735
14462.438	730
14463.168	740
14463.904	725
14464.631	725
14465.356	735
14466.087	725
14466.814	730
14467.546	730
14468.272	720
14468.998	730
14469.726	720
14470.446	730
14471.176	730
14471.904	720
14472.624	725
14473.349	730
14474.079	720
14474.799	720
14475.521	725
14476.246	720
14476.964	720
14477.686	695
14478.38	725
14479.105	725
14479.83	710
14480.54	740
14481.283	725
14482.008	720
14482.728	725
14483.451	720
14484.169	725
14484.894	720
14485.614	720
14486.338	730
14487.066	725
14487.791	705
14488.495	735
14489.23	715
14489.945	755
14490.701	725
14491.426	730
14492.156	735
14492.887	725
14493.616	735
14494.353	725
14495.076	730
14495.806	730
14496.538	735
14497.269	740
14498.011	735
14498.744	735
14499.479	730
14500.209	720
14500.933	735
14501.664	730
14502.396	730
14503.126	730
14503.856	720
14504.576	720
14505.295	730
14506.025	715
14506.74	760
14507.499	730
14508.231	720
14508.953	725
14509.676	720
14510.398	720
14511.114	715
14511.831	715
14512.546	720
14513.268	720
14513.986	720
14514.704	710
14515.418	725
14516.139	720
14516.859	715
14517.574	725
14518.303	725
14519.024	715
14519.741	725
14520.466	720
14521.186	725
14521.911	720
14522.631	720
14523.349	725
14524.074	715
14524.789	720
14525.511	720
14526.231	725
14526.952	710
14527.668	725
14528.391	690
14529.08	720
14529.8	710
14530.51	735
14531.248	720
14531.964	710
14532.676	715
14533.393	720
14534.109	705
14534.818	715
14535.529	710
14536.241	710
14536.949	715
14537.664	705
14538.371	715
14539.086	710
14539.798	710
14540.506	710
14541.218	715
14541.929	715
14542.644	710
14543.352	705
14544.061	715
14544.774	710
14545.486	710
14546.196	720
14546.914	710
14547.624	710
14548.338	710
14549.046	715
14549.763	715
14550.476	705
14551.181	720
14551.899	710
14552.611	715
14553.328	715
14554.037	710
14554.753	720
14555.471	715
14556.184	715
14556.901	715
14557.614	710
14558.328	725
14559.049	685
14559.735	545
14560.28	835
14561.115	720
14561.835	745
14562.581	715
14563.296	720
14564.014	715
14564.731	715
14565.444	720
14566.164	710
14566.878	720
14567.596	725
14568.321	710
14569.033	705
14569.735	730
14570.465	715
14571.18	750
14571.931	720
14572.651	730
14573.381	725
14574.104	725
14574.829	725
14575.556	720
14576.276	730
